0.7805563807487488
2.0730738639831543
0.28286460041999817
0.006809381768107414
0.31755977869033813
1.0351146459579468
0.0928587093949318
2.127199172973633
1.2687644958496094
0.24557390809059143
0.0003729413729161024
2.3683855533599854
0.0009599298937246203
0.0009477859712205827
0.8483960032463074
0.3010200262069702
0.0008681199396960437
0.00011545015149749815
0.019605644047260284
2.452695369720459
0.11644774675369263
3.0986156463623047
0.022298695519566536
2.02317476272583
0.01108281034976244
2.0373311042785645
0.654254674911499
1.677457332611084
0.18212905526161194
0.004851182922720909
0.46368855237960815
1.052923321723938
0.0011071786284446716
2.3191628456115723
1.1977391242980957
2.0785577297210693
0.7559393048286438
2.030855655670166
0.5683997869491577
0.20599046349525452
0.017545707523822784
0.0055590723641216755
1.0554468631744385
0.6718243360519409
0.359669029712677
0.03565961495041847
1.487971305847168
0.00010271545761497691
3.227335214614868
1.8453048467636108
2.540607452392578
2.0823001861572266
0.2590814232826233
1.4512909650802612
0.25492116808891296
0.0406036376953125
0.8172594308853149
0.6425332427024841
0.34753501415252686
2.3208425045013428
0.650684118270874
2.1651158332824707
0.6553499102592468
3.6419973373413086
1.36521577835083
0.08187240362167358
1.3253936767578125
0.2259865701198578
0.016990140080451965
0.007938542403280735
0.2809661626815796
0.3932492733001709
3.52056884765625
0.18255484104156494
0.2781580686569214
1.1695268154144287
0.2777845859527588
2.3087072372436523
0.5358957052230835
1.6257898807525635
0.0009187113028019667
0.3652268946170807
0.5000097155570984
1.8439615964889526
0.016460508108139038
0.020167745649814606
0.011113469488918781
0.3620206117630005
1.5381933450698853
0.2979099750518799
1.4334300756454468
1.7558120489120483
1.4418760538101196
0.23063933849334717
1.1981337070465088
2.45599365234375
0.6225593090057373
0.5155407190322876
0.040626510977745056
2.2660348415374756
1.6143320798873901
0.03394255042076111
1.2343605756759644
2.618349552154541
0.2628507912158966
1.6358754634857178
0.14341971278190613
3.164942741394043
0.007844056934118271
0.8868321180343628
0.05261748284101486
1.5890815258026123
3.139925718307495
1.219927430152893
0.25747108459472656
0.9950703382492065
0.2769344449043274
0.37563562393188477
0.9952315092086792
1.8805040121078491
0.18403439223766327
0.9397104978561401
0.03346836566925049
0.2878061532974243
0.23874431848526
0.24466533958911896
1.2529363632202148
0.2860715389251709
0.277092307806015
2.910233974456787
1.234185814857483
0.30761605501174927
1.694085717201233
1.3716492652893066
0.0651409924030304
0.020022450014948845
1.331284761428833
0.003352228319272399
1.843318223953247
0.2795976400375366
0.7964819669723511
0.7188307642936707
0.19956377148628235
0.15894091129302979
1.227789282798767
0.2809606194496155
0.8950151205062866
0.10639189183712006
0.2236175239086151
0.01761982962489128
0.343885213136673
0.6647238731384277
1.0672005414962769
0.13221842050552368
2.421908378601074
2.0638787746429443
0.9890800714492798
1.2158817052841187
0.012544373981654644
1.2153785228729248
0.9526375532150269
0.855313777923584
0.02168099954724312
0.015480291098356247
1.0719895362854004
0.86080002784729
0.6317263841629028
0.02907000482082367
0.7601746916770935
0.022277215495705605
0.9481421709060669
0.8732491135597229
0.8548295497894287
0.1984098255634308
0.8046693801879883
0.019520075991749763
1.1754944324493408
0.346585214138031
0.9683799743652344
0.27436739206314087
1.0134892463684082
0.010809112340211868
0.134414404630661
0.6830511093139648
1.036679744720459
1.147404670715332
0.8439552783966064
0.8613393306732178
0.27643394470214844
0.16230183839797974
0.12593543529510498
0.021626729518175125
0.9292789101600647
0.6791366338729858
0.7328704595565796
0.6769205331802368
1.0279330015182495
1.2380820512771606
1.131471872329712
0.1827828288078308
1.687471628189087
1.1165566444396973
1.4261395931243896
0.12164539098739624
0.874666690826416
0.13475635647773743
0.4398975968360901
1.4141438007354736
1.3895933628082275
0.21378158032894135
1.567993402481079
1.4347450733184814
1.3972336053848267
0.24969176948070526
0.06035401672124863
0.20458121597766876
1.0704619884490967
0.052002839744091034
1.0460728406906128
0.16932909190654755
0.892928957939148
0.022940605878829956
1.2573740482330322
0.3574214577674866
1.5178627967834473
0.2809204161167145
1.305896282196045
1.0679855346679688
1.5486278533935547
0.22701235115528107
0.20147204399108887
1.3150986433029175
1.0682729482650757
1.559729814529419
1.2372243404388428
1.5771193504333496
1.4290977716445923
1.313317894935608
0.08236970007419586
1.7126867771148682
0.6761374473571777
0.197455495595932
0.8451368808746338
0.8572359085083008
0.3178243935108185
0.9463728666305542
0.1270049661397934
0.23504233360290527
0.6212397813796997
0.2223176658153534
1.1540069580078125
1.114450216293335
1.161080241203308
1.1085870265960693
0.5137819647789001
0.10867838561534882
1.2618060111999512
0.16155710816383362
1.0320689678192139
0.21556413173675537
0.872194766998291
1.6853585243225098
0.2264479547739029
0.42640960216522217
0.48440247774124146
0.032459937036037445
1.3892266750335693
0.2338402420282364
0.8988146185874939
1.224409818649292
1.3935855627059937
0.24020187556743622
0.964706301689148
0.12032818049192429
1.2957878112792969
1.186242938041687
0.7895192503929138
1.554751992225647
0.1696520298719406
0.15638026595115662
2.1791625022888184
1.5696063041687012
0.19754117727279663
1.234287142753601
0.9885884523391724
0.11097696423530579
0.9710020422935486
0.10008202493190765
1.1140886545181274
1.0817203521728516
1.2576537132263184
0.1408320814371109
0.1999025195837021
0.07032178342342377
1.2482905387878418
0.224063903093338
1.2494741678237915
0.13542361557483673
1.0735385417938232
0.0597485676407814
1.4713010787963867
1.3034037351608276
1.2134346961975098
1.0261194705963135
1.0419371128082275
0.9357097744941711
1.071742057800293
0.8846619725227356
0.9801687598228455
0.23444542288780212
0.927149772644043
1.6111481189727783
1.0692908763885498
1.3996615409851074
1.236954927444458
1.2082185745239258
1.1322168111801147
1.2442131042480469
1.4322495460510254
0.6444153785705566
1.0051915645599365
1.3684823513031006
1.2662174701690674
0.9709534049034119
1.4315935373306274
1.412964105606079
0.5315678119659424
0.7215059995651245
1.3850255012512207
0.18017703294754028
1.3366317749023438
0.3214208483695984
1.1308112144470215
1.4989862442016602
3.3587048053741455
1.4726184606552124
1.6582568883895874
0.3324427604675293
1.0046042203903198
0.08612973242998123
1.1477997303009033
1.3093020915985107
0.034114133566617966
1.5338001251220703
1.1436378955841064
2.8295555114746094
1.1247256994247437
0.8621296882629395
0.9725149273872375
0.2763495445251465
1.2963967323303223
1.1166534423828125
1.2609807252883911
1.0195928812026978
0.8662229776382446
1.9512406587600708
1.1508150100708008
1.344207525253296
1.6011803150177002
1.1864649057388306
1.4161596298217773
1.0707883834838867
1.1210304498672485
1.0884771347045898
0.9777742624282837
1.6743618249893188
1.1822710037231445
0.8183879852294922
2.0136518478393555
1.24232816696167
1.5651825666427612
1.3088918924331665
1.287584900856018
1.8335981369018555
1.1646112203598022
1.3480455875396729
0.9463397264480591
0.22755438089370728
0.2935239374637604
1.1628611087799072
1.3070203065872192
1.0940858125686646
0.2249612957239151
1.2444369792938232
1.3421721458435059
1.3889280557632446
1.764578938484192
0.4291146397590637
1.5178675651550293
1.3776888847351074
1.0862261056900024
1.6938228607177734
0.21420522034168243
0.33709654211997986
0.3169475197792053
1.276322364807129
1.2435327768325806
1.1881632804870605
0.7932191491127014
0.32715004682540894
0.16440412402153015
1.2871079444885254
0.7072979211807251
1.5534868240356445
0.1157969981431961
0.1431819498538971
1.843991756439209
0.5134503841400146
0.2832794785499573
1.3208067417144775
1.0987887382507324
0.9173399806022644
1.2835640907287598
1.2073131799697876
1.2046393156051636
1.1267147064208984
1.1443452835083008
1.3241090774536133
0.2058565616607666
1.4783034324645996
1.8923134803771973
1.4578570127487183
0.3206910192966461
0.26175880432128906
1.6238034963607788
1.1874922513961792
1.4879484176635742
0.7320283651351929
0.22628077864646912
0.7743520140647888
1.1753385066986084
1.0334526300430298
1.2095601558685303
1.143967866897583
1.2847893238067627
0.10995440185070038
0.2565922737121582
1.3318034410476685
0.26768237352371216
1.1013095378875732
1.0916190147399902
1.4524773359298706
1.147141695022583
0.33570873737335205
1.972868800163269
1.072693943977356
0.33860406279563904
1.508860468864441
1.4112820625305176
0.15664014220237732
1.311887264251709
0.1978064924478531
1.2207587957382202
1.4433045387268066
1.1520676612854004
0.9992890357971191
1.5162588357925415
1.653247594833374
1.4516890048980713
1.4364967346191406
0.4297640025615692
0.8088510632514954
0.31141600012779236
0.17117279767990112
2.3337669372558594
0.8758009672164917
1.0146726369857788
1.0499799251556396
0.19082556664943695
1.1479394435882568
0.9941181540489197
0.09689216315746307
1.328333854675293
0.9068002700805664
0.21678993105888367
1.3165682554244995
1.2409833669662476
1.6444706916809082
2.3418798446655273
1.3937277793884277
1.4089246988296509
1.2265046834945679
1.4896811246871948
1.0582504272460938
1.1508128643035889
1.654515266418457
1.698796272277832
1.693347692489624
1.4214279651641846
1.1706665754318237
0.5065339803695679
1.5058465003967285
0.700677216053009
0.9017105102539062
1.2497169971466064
1.3679449558258057
1.2786331176757812
0.31343111395835876
1.2005985975265503
1.3427739143371582
0.21644242107868195
0.7598440647125244
1.5958988666534424
1.2328109741210938
1.0272700786590576
1.2589679956436157
1.4239568710327148
1.449306607246399
0.2501775026321411
0.9395623207092285
1.6137579679489136
0.950343132019043
1.687063455581665
1.2211759090423584
1.4839991331100464
1.1499481201171875
1.0852322578430176
1.282012939453125
1.5261167287826538
0.6763903498649597
1.175672173500061
1.1113921403884888
1.0579724311828613
0.4478272497653961
1.4936522245407104
1.2075244188308716
1.3289070129394531
1.7273705005645752
0.8019082546234131
1.5054636001586914
1.3195937871932983
0.31951379776000977
1.362417459487915
0.32439476251602173
1.5759714841842651
1.3424439430236816
0.8448381423950195
0.5220292210578918
0.2105475515127182
1.7552292346954346
0.9532186985015869
1.714469075202942
1.6040170192718506
2.3756823539733887
0.2474173754453659
0.7049082517623901
1.5231938362121582
1.7574070692062378
0.9371860027313232
1.1554023027420044
1.186460256576538
1.276580810546875
1.330406665802002
0.1918201446533203
0.9433987140655518
1.293081521987915
1.4063853025436401
1.3825600147247314
0.8584693074226379
1.4022423028945923
0.6524633765220642
1.1187256574630737
1.0840014219284058
0.25461310148239136
1.5498857498168945
1.3249948024749756
1.3699570894241333
1.1760072708129883
1.290482997894287
0.19432862102985382
1.1558212041854858
0.20095744729042053
0.16962434351444244
1.0126080513000488
0.11355571448802948
1.2345198392868042
1.3488883972167969
0.9399391412734985
1.3649258613586426
1.0546674728393555
1.224222183227539
1.0503387451171875
1.1669145822525024
1.6088253259658813
1.4744031429290771
1.5304399728775024
1.552945613861084
1.199351191520691
1.8105225563049316
1.4957314729690552
3.8026983737945557
1.427758812904358
1.2624616622924805
1.0585405826568604
0.31957852840423584
1.1808737516403198
0.3051775097846985
1.0993505716323853
1.302225947380066
1.616929054260254
1.0449631214141846
0.3239506483078003
1.2700152397155762
0.15675117075443268
1.497262954711914
1.5882457494735718
1.1433355808258057
1.2112218141555786
0.9625768661499023
2.5692484378814697
1.0869570970535278
1.0226199626922607
1.4016705751419067
1.5064096450805664
0.14281950891017914
0.8810151815414429
1.062231421470642
1.2769222259521484
1.031567096710205
0.9604682922363281
1.3068293333053589
0.2625557780265808
1.0530518293380737
1.2241854667663574
1.3205716609954834
1.247382402420044
1.7683727741241455
1.3123950958251953
1.3192744255065918
0.4375544488430023
0.19165782630443573
0.12359416484832764
1.694565773010254
1.277120590209961
1.3219871520996094
1.252326250076294
1.0434226989746094
0.8861480355262756
1.3475056886672974
1.3296047449111938
1.3966271877288818
0.3606429994106293
1.2890013456344604
2.816649913787842
2.1495065689086914
1.0725414752960205
1.7240313291549683
1.6169229745864868
1.2754898071289062
0.049122828990221024
1.1970211267471313
1.2863285541534424
0.6379771828651428
1.4064840078353882
1.16347074508667
1.2255520820617676
0.2865239977836609
1.4963841438293457
0.17518508434295654
1.1860065460205078
1.09242582321167
1.289433240890503
0.3654434084892273
1.4608268737792969
2.096402645111084
1.0704962015151978
0.3698379695415497
1.3322198390960693
1.3435487747192383
1.71780264377594
1.3588517904281616
1.3830758333206177
0.25657618045806885
0.49430227279663086
1.5873644351959229
0.9644030332565308
1.6483805179595947
1.3234152793884277
1.1582428216934204
1.3469990491867065
0.17143169045448303
1.288214087486267
1.4711673259735107
1.6014130115509033
1.0391474962234497
1.1880977153778076
0.23336230218410492
1.821854829788208
1.786680817604065
1.1534736156463623
0.5953216552734375
1.596339225769043
0.27705201506614685
1.3560736179351807
1.8264193534851074
1.3482375144958496
1.1630373001098633
1.779850959777832
1.4116337299346924
1.4128961563110352
1.1940728425979614
0.891015887260437
1.24031662940979
0.31804049015045166
1.4332873821258545
1.3389050960540771
1.2485812902450562
1.327650547027588
1.4421954154968262
1.5296630859375
0.9953604340553284
1.295117974281311
1.394791603088379
1.0444097518920898
1.1150132417678833
1.7261368036270142
1.3322824239730835
1.3306124210357666
1.1863245964050293
1.5524930953979492
0.8901663422584534
1.2928316593170166
1.1954269409179688
1.1309212446212769
0.23894841969013214
1.4656870365142822
0.25067368149757385
1.322244644165039
1.198819637298584
1.0242037773132324
1.4370931386947632
1.2117799520492554
1.3320071697235107
1.241220235824585
0.33385077118873596
0.9314675331115723
1.2198495864868164
1.4798392057418823
1.424902081489563
0.22103090584278107
1.4752161502838135
1.2692681550979614
0.9111332893371582
0.8058282136917114
0.2712017297744751
1.5118576288223267
1.0547913312911987
1.4164021015167236
0.4666636884212494
1.297778606414795
1.179404854774475
0.945993959903717
1.1554365158081055
1.3516653776168823
1.214119553565979
1.3313124179840088
1.0101757049560547
1.1417009830474854
1.2790894508361816
1.312030553817749
1.0420794486999512
1.4579267501831055
1.2414941787719727
0.7647029757499695
1.5234670639038086
1.3116759061813354
0.9521450996398926
1.4052770137786865
1.080384612083435
0.8920820951461792
0.48339301347732544
1.0844751596450806
1.83993399143219
0.9926601648330688
1.126671314239502
1.2843798398971558
1.2600455284118652
1.3384133577346802
1.0405240058898926
0.3308350443840027
1.2978473901748657
1.165616750717163
1.6708769798278809
0.6333390474319458
0.5543755292892456
0.977474570274353
0.9172675013542175
1.18878173828125
0.8483603000640869
0.9796504974365234
1.174647331237793
1.0931233167648315
1.138556718826294
1.1206307411193848
1.1575311422348022
1.1074793338775635
1.262364149093628
0.3887447118759155
1.0540621280670166
1.0752209424972534
0.8883844614028931
1.4141550064086914
1.333024024963379
1.1819536685943604
1.3288047313690186
0.6916998624801636
1.266777515411377
0.2317553460597992
0.8120739459991455
2.3925693035125732
1.0131614208221436
1.227949619293213
1.4097317457199097
1.1809364557266235
0.7450634837150574
0.9812259674072266
0.8689982295036316
1.1494163274765015
1.0495812892913818
0.1715822070837021
0.25817424058914185
1.1123160123825073
0.9860235452651978
1.8239831924438477
1.3547824621200562
0.6543258428573608
1.1694259643554688
0.33673086762428284
0.9017762541770935
0.7471377849578857
0.4699115753173828
1.962551236152649
0.8694331049919128
1.0421602725982666
0.9890289306640625
1.8448026180267334
0.19221624732017517
1.1691426038742065
0.16013455390930176
1.1012333631515503
1.9795819520950317
0.09780248254537582
1.0568910837173462
0.8361606001853943
0.06743108481168747
0.8382526636123657
0.9810987710952759
1.2463264465332031
0.7859780788421631
1.2042324542999268
1.135185718536377
1.3205862045288086
1.2918157577514648
1.2980469465255737
0.20665916800498962
0.13134293258190155
0.46846675872802734
1.1890461444854736
1.0296657085418701
0.5301072597503662
0.8025292158126831
1.0427958965301514
1.0861295461654663
1.365829586982727
1.1187766790390015
1.078255534172058
0.9297239780426025
0.8363768458366394
1.0409345626831055
1.350580096244812
1.1549649238586426
1.0029799938201904
1.4209939241409302
0.3226127624511719
0.3137853145599365
0.9627394080162048
0.870391845703125
1.3163326978683472
1.2841758728027344
0.13158456981182098
0.1974795013666153
1.7077083587646484
1.120025396347046
1.3093318939208984
0.9005502462387085
1.17573082447052
0.956494152545929
1.0110114812850952
1.3121249675750732
1.0112903118133545
1.0939843654632568
1.049694538116455
1.7577381134033203
1.4243137836456299
1.0594203472137451
0.9312688112258911
1.5473554134368896
0.26331058144569397
0.8349629640579224
1.4136075973510742
1.9277820587158203
1.0087904930114746
1.1781704425811768
0.13359084725379944
0.11459675431251526
0.6390916109085083
1.1361163854599
0.9448118209838867
0.7399521470069885
1.0825169086456299
1.2711282968521118
0.9781742095947266
1.151078462600708
1.107738971710205
0.26128271222114563
1.1212267875671387
0.9179620742797852
0.9919276237487793
1.08693265914917
1.0232758522033691
1.2250118255615234
1.126209020614624
1.1416165828704834
0.8067539930343628
0.08385129272937775
0.1018921434879303
1.147958755493164
1.0653284788131714
0.7498361468315125
0.12099645286798477
0.9881861209869385
0.24612875282764435
1.3079802989959717
0.45707768201828003
0.9168906211853027
0.5764259099960327
1.14198899269104
1.1434844732284546
0.2024827003479004
0.8892196416854858
0.2251587212085724
0.9994574785232544
1.0108811855316162
1.0312080383300781
0.07435101270675659
0.6743566989898682
0.15924480557441711
0.8593143224716187
0.919270396232605
1.2017476558685303
0.8339436054229736
0.8089635968208313
0.2929993271827698
0.6900936365127563
0.9247587323188782
0.7887899279594421
0.15094363689422607
1.0721107721328735
1.086021900177002
0.9931051731109619
0.909430205821991
0.7392399907112122
1.7700254917144775
0.05848795920610428
0.960445761680603
1.1754649877548218
0.6187998652458191
0.9692714810371399
1.4745125770568848
0.7849764823913574
0.8301795721054077
1.0503883361816406
0.7276560664176941
0.1573476642370224
0.037155427038669586
1.4372129440307617
0.46464020013809204
0.03415294736623764
0.2817627489566803
0.6458373069763184
0.8985263705253601
0.7692850828170776
1.236344575881958
0.5346052050590515
0.16731348633766174
1.1667656898498535
0.040796175599098206
0.8156328201293945
0.2710430324077606
0.1124202236533165
0.13098591566085815
0.8000627756118774
1.2298707962036133
0.8722792863845825
0.6800090074539185
0.6271183490753174
0.24000120162963867
0.8653644323348999
0.9544422626495361
0.22550153732299805
0.7898558974266052
0.8422966599464417
0.26468920707702637
0.7213754653930664
1.0927985906600952
1.3774235248565674
0.20043906569480896
0.9817149043083191
0.22991177439689636
0.6878357529640198
0.27477148175239563
0.8921785354614258
0.6353857517242432
0.804608941078186
0.7470025420188904
0.8281290531158447
0.1894209384918213
0.8938136100769043
0.9148969054222107
1.3145822286605835
0.6672725081443787
0.7209533452987671
1.1357537508010864
0.9048841595649719
0.2946401834487915
0.5938351154327393
0.5308976769447327
0.8415214419364929
0.24284717440605164
0.9421026110649109
0.6701332926750183
0.7608056664466858
0.7956293225288391
0.6712796688079834
0.9199974536895752
0.8972275257110596
0.9301285743713379
0.2648296654224396
0.8286988139152527
0.721023440361023
0.14362573623657227
0.6379637718200684
0.7921977043151855
1.0035121440887451
1.13945472240448
0.7953884601593018
0.7160125970840454
0.6628401875495911
0.06296874582767487
0.6504697799682617
0.723587155342102
0.1694132387638092
0.1763230264186859
0.2622632682323456
0.6653754711151123
0.15429401397705078
0.6848154067993164
0.7857061624526978
0.737319827079773
0.9497020244598389
0.9246255159378052
0.7841992378234863
0.897609531879425
0.700546383857727
0.4863363802433014
0.8055860996246338
0.9310784935951233
0.17672240734100342
1.0566682815551758
0.811421275138855
0.5250955820083618
0.6636685132980347
1.0074740648269653
0.607154905796051
0.7419590353965759
0.7025260925292969
0.6968652606010437
0.14903973042964935
0.40218493342399597
0.9509515762329102
0.5445644855499268
0.5418161153793335
0.1052631288766861
0.7241281867027283
0.6977945566177368
0.12730933725833893
0.8699473142623901
1.0707716941833496
0.610040545463562
0.2746106684207916
1.011616587638855
0.6100778579711914
0.7762824892997742
0.12197835743427277
1.03266441822052
0.45242297649383545
1.32987642288208
0.1974976658821106
0.8908493518829346
0.9393225908279419
1.4828598499298096
0.6418427228927612
0.6917910575866699
0.6189167499542236
0.07260911911725998
0.792536199092865
0.7778396606445312
0.7019684910774231
0.6280693411827087
0.6572661995887756
0.18768838047981262
0.5745557546615601
0.7898591756820679
0.47798287868499756
0.8335755467414856
0.2958733141422272
1.041969656944275
0.5809248685836792
0.5872230529785156
0.8489459753036499
0.9307191371917725
1.8496923446655273
0.665026068687439
0.7077464461326599
0.05281663313508034
0.6616216897964478
1.147344946861267
0.6374771595001221
0.796492338180542
0.6996748447418213
0.8252125978469849
0.8619391918182373
1.0515795946121216
1.2604382038116455
0.3302425146102905
0.8837529420852661
0.620952844619751
0.20814749598503113
0.46186354756355286
0.7142221927642822
0.5841795802116394
0.8771164417266846
0.9438551664352417
0.7157286405563354
0.28521767258644104
0.686404824256897
0.22396732866764069
0.1621108502149582
0.20743247866630554
0.950973629951477
0.9766203165054321
0.33063507080078125
0.904529869556427
0.7703444957733154
0.9336715340614319
0.6589030027389526
0.7542421817779541
0.06716202944517136
0.9589158296585083
0.7976826429367065
0.9866013526916504
0.7707730531692505
0.696263313293457
0.7982919216156006
0.18859872221946716
0.5075244307518005
0.21368753910064697
0.19622185826301575
0.6699211597442627
0.14990390837192535
0.12951986491680145
0.04168347269296646
1.1531245708465576
1.100864291191101
0.271636426448822
1.620488166809082
0.7583073377609253
0.4942917227745056
0.9652199149131775
0.9956030249595642
0.6876277923583984
0.8313028812408447
0.4317775368690491
1.2746272087097168
0.7098029851913452
0.9437270164489746
0.3790295124053955
0.1367826610803604
0.021651923656463623
0.8606541156768799
0.3378943204879761
0.7221385836601257
1.570913553237915
0.17399780452251434
1.0338919162750244
0.631621778011322
0.19495654106140137
0.1983838975429535
0.5763661861419678
0.8683127164840698
0.9754247665405273
0.9423215389251709
0.6553657054901123
0.660764753818512
1.0900061130523682
0.8575845956802368
0.7734631299972534
0.6816182136535645
0.8579217195510864
0.9535273313522339
0.9448810815811157
0.792634129524231
0.9419037103652954
0.7140134572982788
0.21510697901248932
0.8248921632766724
1.0589208602905273
0.8840160369873047
0.22422754764556885
0.6785656809806824
1.2188198566436768
0.822038471698761
1.187674880027771
0.8057273626327515
0.2173609733581543
0.7295994758605957
0.052523136138916016
0.8761820197105408
0.5608713030815125
1.0472041368484497
0.8979438543319702
0.21718382835388184
0.6608375310897827
1.0393277406692505
0.1488725244998932
0.6625940203666687
3.3376450538635254
1.0034512281417847
1.2534701824188232
0.8382916450500488
0.24905474483966827
1.4740363359451294
0.34497305750846863
1.068157434463501
0.97216796875
0.7280102968215942
0.385878324508667
0.7541173696517944
0.9506189823150635
0.8188852667808533
0.9513483047485352
1.7173044681549072
1.1957547664642334
1.0355662107467651
0.8426283597946167
0.2199016809463501
0.7552158832550049
0.7559786438941956
0.1465626209974289
0.6830808520317078
0.8630764484405518
0.10260892659425735
0.3722715973854065
0.8915570378303528
0.5955104231834412
0.4775233864784241
0.8532797694206238
0.8311769366264343
0.7259601354598999
0.23465245962142944
0.3592778146266937
0.9236913919448853
1.0312691926956177
0.5233513116836548
0.720901370048523
1.033988356590271
0.2106114625930786
0.9081300497055054
0.9205871820449829
0.9618533849716187
0.2161913365125656
1.072694182395935
0.6734756827354431
0.34009748697280884
3.053420066833496
0.6447392106056213
0.3180753290653229
0.9354133009910583
0.8986281752586365
0.8000271320343018
1.0492172241210938
0.9656993746757507
0.9405402541160583
0.8072742223739624
0.6986631155014038
1.110993504524231
1.0031752586364746
0.9966619610786438
0.9899497032165527
0.9513687491416931
0.8058319091796875
0.9076876044273376
0.714202344417572
1.1539911031723022
1.153544545173645
0.8886053562164307
0.2747073173522949
1.6561713218688965
0.9897459745407104
0.7461326122283936
1.020186424255371
1.0208346843719482
0.7221089005470276
1.2691679000854492
1.3068233728408813
1.0092042684555054
0.4562034606933594
0.9580642580986023
0.7140411138534546
1.0511839389801025
0.9197007417678833
1.0259723663330078
1.1091691255569458
0.8537978529930115
1.08388090133667
0.9214824438095093
0.9114540219306946
0.5614670515060425
0.23829472064971924
0.9124098420143127
1.0002774000167847
0.6035621762275696
0.711249828338623
0.9385777115821838
0.5940394997596741
0.8924501538276672
0.8140836358070374
1.0261536836624146
1.0199073553085327
0.9342641234397888
0.9634107351303101
0.9179807901382446
0.7123808860778809
0.8757777810096741
0.8855093121528625
0.7909785509109497
0.8894823789596558
0.17403125762939453
0.804429292678833
0.9055982232093811
0.993348240852356
0.930925190448761
0.3396260738372803
0.7951263785362244
0.8688327670097351
0.7323764562606812
1.0130667686462402
0.9683448076248169
0.7156685590744019
0.09798434376716614
0.9653946161270142
0.6469485759735107
0.9323261380195618
0.29994434118270874
0.941779375076294
0.16395655274391174
3.71270489692688
0.782670795917511
0.9865041971206665
0.8757906556129456
0.8875213861465454
0.8346538543701172
1.1647419929504395
1.206950306892395
1.171368956565857
1.0186502933502197
0.5240983963012695
1.0494592189788818
1.068239688873291
0.582110583782196
0.13098706305027008
0.6845256090164185
0.9912341833114624
0.9642990827560425
0.785262405872345
0.9195122718811035
1.1422770023345947
0.9877458214759827
1.043803334236145
1.6310398578643799
0.7536798119544983
1.1436890363693237
0.9129707217216492
0.5815621614456177
1.4055922031402588
1.1664074659347534
1.0364489555358887
0.9046735763549805
1.031148076057434
0.8998403549194336
1.0583915710449219
1.0899207592010498
0.922351598739624
0.20176032185554504
1.213202714920044
1.4917142391204834
1.0734821557998657
1.0015509128570557
0.8244223594665527
1.3911454677581787
0.6996117234230042
0.9454909563064575
0.9458056688308716
1.1012709140777588
0.8071228861808777
1.027390480041504
0.29261231422424316
0.6233415007591248
0.956729531288147
0.907709002494812
0.4844067096710205
1.0637991428375244
1.128570318222046
0.3600345253944397
0.7786356806755066
0.8917427062988281
0.25286099314689636
1.1506959199905396
1.221238613128662
0.25586530566215515
0.32851642370224
0.9792872667312622
0.1294708400964737
0.9040080308914185
0.8238933086395264
0.7261587381362915
0.9549170732498169
1.095014214515686
0.9925780296325684
0.8451945781707764
0.1080833449959755
1.1756441593170166
0.16220268607139587
1.2722318172454834
0.15543712675571442
1.051910161972046
1.1576321125030518
0.9953738451004028
1.0200871229171753
1.0717781782150269
0.9565697908401489
1.2029949426651
0.8034107685089111
1.0706217288970947
0.9366593956947327
1.085019826889038
1.172973871231079
1.49534273147583
1.3430898189544678
1.169999599456787
0.9626742005348206
1.2529802322387695
0.9023845195770264
1.4854278564453125
0.9643915295600891
0.21034377813339233
0.5944020748138428
0.9185655117034912
0.25238120555877686
1.0964255332946777
1.4124624729156494
1.1854822635650635
0.9347500801086426
1.167466640472412
1.1175036430358887
1.303001880645752
1.3207201957702637
0.4861224889755249
0.6870192885398865
1.2188034057617188
0.8651443719863892
1.4706271886825562
1.129991054534912
0.8090760111808777
1.0136200189590454
1.0183879137039185
1.4102497100830078
1.165872573852539
1.0521957874298096
1.0560539960861206
1.1507132053375244
1.6116901636123657
1.0078071355819702
0.7038129568099976
0.8872828483581543
1.0870425701141357
0.9015988111495972
1.0288619995117188
1.1735615730285645
1.0223054885864258
0.8545879125595093
0.8076402544975281
1.182417392730713
1.0030511617660522
0.14634865522384644
0.24371099472045898
0.8194294571876526
1.148337721824646
0.2245836704969406
0.20652306079864502
0.8997416496276855
1.0775272846221924
0.7964684367179871
0.9717937111854553
1.2423263788223267
0.8325281143188477
0.3926614820957184
0.6603981256484985
0.8336006999015808
0.9692405462265015
1.071307897567749
1.0984594821929932
1.0252286195755005
0.3853345513343811
0.1591784656047821
0.9148685336112976
0.5209798812866211
1.054839849472046
1.0278873443603516
0.9930738806724548
0.7372090220451355
0.9488718509674072
0.15573064982891083
0.8403414487838745
1.0456112623214722
0.6339378356933594
1.0564709901809692
1.2674169540405273
1.071988821029663
0.9629969596862793
0.9981634616851807
0.9639725685119629
1.1386027336120605
1.0837041139602661
1.1583704948425293
0.7420015335083008
1.0742812156677246
0.9749740362167358
1.4484777450561523
0.837393045425415
0.5878131985664368
0.9548020362854004
1.1851749420166016
0.8407337069511414
0.780112087726593
0.9280611872673035
0.8290628790855408
0.9125221967697144
1.3495452404022217
1.1349146366119385
1.4127297401428223
1.3526005744934082
0.9685240387916565
0.9828742742538452
1.336838722229004
1.5343999862670898
0.879737377166748
1.4195091724395752
1.4840481281280518
1.1052645444869995
0.6952204704284668
1.2467416524887085
1.0956580638885498
0.8304277658462524
1.2284955978393555
1.6186437606811523
1.4151216745376587
1.5343010425567627
1.1297417879104614
1.4308098554611206
1.0364099740982056
1.2432767152786255
1.0873677730560303
0.9489695429801941
1.4892561435699463
1.035905122756958
1.0354750156402588
0.9171320199966431
1.1777417659759521
1.453986406326294
0.8825556635856628
0.8583141565322876
0.42534977197647095
1.1075775623321533
1.115647554397583
0.8998619914054871
0.8334195613861084
1.2738178968429565
0.08987749367952347
1.2749481201171875
1.018362045288086
1.3062076568603516
1.3052698373794556
0.9598904848098755
0.9039984941482544
0.9042989015579224
1.0617802143096924
1.1099482774734497
1.1480109691619873
1.1602749824523926
0.9366902112960815
1.1256325244903564
1.25309157371521
1.4652401208877563
1.2078359127044678
1.0611985921859741
1.2594517469406128
1.1404154300689697
0.07023414969444275
1.3041532039642334
1.1900426149368286
0.31425732374191284
1.053504467010498
1.3439459800720215
0.9935502409934998
1.1814043521881104
1.3316950798034668
1.4173153638839722
1.1008899211883545
1.6142516136169434
1.4072693586349487
1.4174818992614746
1.1225268840789795
1.5492275953292847
1.1720867156982422
0.9341893792152405
0.311978280544281
1.275190830230713
1.54239821434021
1.5118660926818848
0.35159870982170105
1.503974199295044
0.8492486476898193
1.1323120594024658
1.2392252683639526
1.6079736948013306
1.0756707191467285
1.412634253501892
1.0950766801834106
1.499176025390625
1.07011079788208
0.9700706005096436
1.3328301906585693
1.0708882808685303
1.518203616142273
1.685678243637085
1.2424077987670898
2.5037596225738525
1.79301917552948
1.4277070760726929
1.2880603075027466
1.5017499923706055
1.3354809284210205
1.8146969079971313
1.3220744132995605
1.4056003093719482
1.6556087732315063
1.58738374710083
1.6392881870269775
0.5903966426849365
1.4637590646743774
1.6146612167358398
1.4829840660095215
1.1884312629699707
1.7968928813934326
1.3223381042480469
1.1591962575912476
1.04459547996521
1.3889344930648804
1.2447175979614258
1.4199110269546509
1.9104547500610352
1.7774683237075806
1.2503992319107056
1.4885804653167725
1.5681779384613037
1.1261264085769653
1.6911935806274414
1.2010003328323364
1.4025806188583374
1.3714364767074585
1.439250111579895
1.3341031074523926
1.5099012851715088
0.7152839303016663
0.9007666110992432
1.323085904121399
0.3539460599422455
1.2265245914459229
1.065893292427063
0.15067064762115479
1.619678020477295
0.28238406777381897
1.2953779697418213
1.0153682231903076
1.205480694770813
0.2536935806274414
1.3286058902740479
1.4666334390640259
1.344353199005127
0.2964763343334198
1.5754696130752563
1.443583607673645
1.3832199573516846
0.3378617763519287
1.6177202463150024
1.2301400899887085
1.21478271484375
3.884226083755493
1.4008996486663818
1.3652456998825073
1.269388198852539
1.47537100315094
1.4576139450073242
1.179245948791504
1.730332374572754
1.1146883964538574
2.600644111633301
1.227034330368042
1.3271781206130981
1.5444315671920776
1.4123892784118652
1.4102236032485962
1.7525932788848877
1.4754514694213867
1.5331180095672607
1.6926257610321045
1.2864527702331543
1.0865181684494019
1.4060777425765991
1.223647117614746
1.0868589878082275
2.0063369274139404
1.8418611288070679
1.438157558441162
1.2026945352554321
1.7440221309661865
0.6633486151695251
1.858745813369751
1.799698829650879
1.6148502826690674
1.4847489595413208
0.31229716539382935
1.231081247329712
0.20087586343288422
1.3603595495224
1.274935245513916
1.088491678237915
1.5181121826171875
1.6178109645843506
1.4723987579345703
1.6548631191253662
1.1901605129241943
1.51064932346344
1.364221453666687
1.3057429790496826
1.857216715812683
1.8043755292892456
0.5126988887786865
1.8223551511764526
1.3409978151321411
1.3637709617614746
1.8389405012130737
1.341926097869873
1.8232355117797852
1.4132359027862549
2.022104263305664
1.4355652332305908
1.4029276371002197
1.5141396522521973
1.6050280332565308
1.6804165840148926
1.8439396619796753
1.5280718803405762
1.351253867149353
1.0167896747589111
2.065704822540283
1.9436612129211426
1.2192323207855225
1.4240254163742065
1.7859184741973877
1.529221773147583
2.1556925773620605
1.9527366161346436
2.3286070823669434
1.4634343385696411
1.6138583421707153
2.2862648963928223
1.2325760126113892
1.9076142311096191
1.4845335483551025
1.7575587034225464
2.341494083404541
1.270829677581787
2.3801960945129395
1.194523572921753
1.436281442642212
2.6222383975982666
0.7327316403388977
2.682823657989502
1.691042184829712
1.1308966875076294
1.3058652877807617
1.8901641368865967
1.5874203443527222
1.4022283554077148
1.9623701572418213
1.9013328552246094
0.6842213273048401
1.5100226402282715
0.8143656253814697
1.8103623390197754
1.9511207342147827
2.029170036315918
0.9149670600891113
1.6333637237548828
1.8209139108657837
1.0862963199615479
1.038137435913086
2.123121976852417
2.5954813957214355
2.1636550426483154
1.7678439617156982
2.01076340675354
1.0738905668258667
1.2742626667022705
1.7156357765197754
1.8150361776351929
2.763432502746582
1.8508391380310059
1.6744658946990967
1.3184932470321655
2.253668785095215
2.1629815101623535
3.5039191246032715
2.56243896484375
2.21026611328125
1.9382604360580444
2.0102851390838623
2.123973846435547
1.8350093364715576
1.9562700986862183
1.5312483310699463
2.376363754272461
2.653557777404785
2.2270405292510986
2.579465389251709
1.9336388111114502
2.8238887786865234
2.219635009765625
2.404911518096924
1.6360609531402588
3.553713321685791
2.9495575428009033
3.487196922302246
1.9179668426513672
1.5198533535003662
2.1927027702331543
2.600767135620117
1.4417610168457031
1.514878273010254
1.8559629917144775
1.4906675815582275
2.3043742179870605
1.6236543655395508
2.120959758758545
2.2561917304992676
2.0547738075256348
1.8110374212265015
1.961828351020813
1.3717288970947266
1.945055365562439
1.796391248703003
2.555803060531616
2.5080525875091553
1.4370088577270508
2.307788133621216
1.4576811790466309
1.5227296352386475
2.708216667175293
2.209932804107666
2.374582290649414
2.0769166946411133
3.6636340618133545
2.7437915802001953
2.960740089416504
2.962374687194824
2.355125904083252
2.43278169631958
2.6692631244659424
2.2368717193603516
4.056756019592285
2.783940076828003
2.1042752265930176
2.573047161102295
2.697174072265625
1.7990460395812988
2.3521804809570312
2.5460357666015625
2.6838648319244385
1.5649524927139282
2.5352401733398438
2.500704526901245
2.5040674209594727
1.9037433862686157
2.379599094390869
2.325817584991455
2.1693506240844727
2.4640846252441406
2.6747379302978516
2.9793715476989746
3.1201720237731934
2.465975522994995
3.0182294845581055
1.9695656299591064
2.1424713134765625
4.5322265625
3.4587559700012207
2.7157254219055176
3.617117166519165
1.9857521057128906
1.5818525552749634
2.1360650062561035
1.6643882989883423
1.902010440826416
2.3748133182525635
2.336422920227051
1.4562138319015503
1.8585381507873535
2.46400785446167
1.9212795495986938
2.20210599899292
1.9210610389709473
2.7170352935791016
2.757326602935791
1.511391282081604
2.350571632385254
2.2600903511047363
2.259408473968506
3.679875373840332
3.0441274642944336
2.0344059467315674
3.6791510581970215
2.5711958408355713
2.768608331680298
2.282956600189209
2.693227529525757
2.996778726577759
3.0559802055358887
3.3345398902893066
2.3254151344299316
1.9581825733184814
4.017717361450195
2.570647954940796
2.7583658695220947
2.2501721382141113
1.9936578273773193
2.496368646621704
3.8796119689941406
2.2478272914886475
2.9251763820648193
2.006601333618164
1.5476553440093994
2.4045205116271973
1.3075779676437378
3.3346452713012695
3.0727386474609375
2.5376787185668945
3.1871581077575684
2.7124037742614746
2.843202590942383
3.78698992729187
2.3335342407226562
2.4116854667663574
2.973109722137451
2.5441980361938477
2.903852939605713
1.8283988237380981
3.462463855743408
2.0883352756500244
3.328782558441162
2.135380268096924
3.9977035522460938
2.762375831604004
1.8646796941757202
2.600367784500122
1.5908348560333252
2.8288989067077637
11.466288566589355
2.2494113445281982
0.8595742583274841
1.9230477809906006
2.195119857788086
2.673584222793579
1.5991789102554321
2.1697187423706055
2.65535306930542
1.8388733863830566
2.918632984161377
2.0973658561706543
3.165642261505127
1.670040249824524
2.4172122478485107
2.703338146209717
2.384369373321533
2.2818984985351562
2.100698232650757
2.9447731971740723
2.502120018005371
1.4923582077026367
2.2198472023010254
2.389143466949463
3.6541554927825928
2.794936418533325
2.3803277015686035
2.188490629196167
2.3922080993652344
2.1676318645477295
2.920015811920166
2.1276893615722656
2.9370899200439453
2.3563480377197266
2.3700766563415527
2.7866878509521484
1.8299323320388794
2.689692974090576
4.920748710632324
2.9660696983337402
2.8859827518463135
3.3611671924591064
2.5579867362976074
1.8857810497283936
2.207357883453369
2.1141574382781982
2.1665401458740234
3.494889736175537
2.0720443725585938
2.6925368309020996
2.543466091156006
1.9064189195632935
3.31931209564209
1.8428035974502563
1.4666814804077148
2.303969621658325
1.4179966449737549
2.2807681560516357
2.3856372833251953
1.7513680458068848
1.687861442565918
2.5342023372650146
2.252605438232422
2.5796990394592285
2.6471126079559326
2.3032402992248535
1.7941142320632935
2.85495662689209
1.8310078382492065
4.275733947753906
1.8315190076828003
3.446352481842041
2.053417682647705
4.062188625335693
2.633089780807495
3.3345701694488525
2.4898087978363037
2.2335920333862305
1.1316641569137573
1.3748581409454346
2.085479259490967
2.782881259918213
2.472841739654541
2.0306499004364014
2.0091023445129395
1.505918025970459
1.70322847366333
1.9101548194885254
1.9410741329193115
2.494617462158203
1.7977005243301392
2.7781476974487305
2.0335702896118164
2.595644235610962
2.247145175933838
2.2046687602996826
1.608536720275879
2.6343424320220947
2.5463545322418213
3.620783567428589
2.1635613441467285
3.0918827056884766
2.0052340030670166
2.6872215270996094
2.4016313552856445
2.04370379447937
1.3135067224502563
1.9893429279327393
2.829324722290039
2.000443458557129
3.5218915939331055
3.448873519897461
2.4493613243103027
2.5290775299072266
1.6506226062774658
1.9229227304458618
1.7519135475158691
2.51802921295166
2.9316635131835938
2.1763880252838135
1.912712812423706
3.413238048553467
3.0847244262695312
1.7648956775665283
13.570934295654297
2.3330516815185547
2.5002176761627197
2.807569980621338
2.706500291824341
3.4857101440429688
2.9517970085144043
1.999281644821167
2.4202210903167725
3.0688817501068115
2.285277843475342
2.358830451965332
2.1177611351013184
1.818124771118164
3.1800484657287598
3.2949304580688477
2.232375144958496
2.852461576461792
2.1549184322357178
2.1425364017486572
2.8622331619262695
2.0508875846862793
2.2010669708251953
2.4803826808929443
2.6804285049438477
3.1380043029785156
2.458801746368408
2.01450252532959
3.451133966445923
3.4735000133514404
3.474092960357666
2.6895358562469482
2.4269776344299316
1.7113292217254639
2.461047887802124
2.4111108779907227
3.014875650405884
2.843158483505249
2.387826919555664
2.1041812896728516
2.995065689086914
2.490274429321289
2.305267333984375
2.931513547897339
2.3045437335968018
3.103989362716675
3.460827350616455
2.1905150413513184
3.827249050140381
3.1465601921081543
2.241018056869507
2.930990695953369
3.3134570121765137
2.5231049060821533
2.86044979095459
1.4120299816131592
2.9940202236175537
3.676466464996338
2.2233896255493164
1.9217569828033447
2.288820505142212
3.324151039123535
2.655529022216797
1.9503834247589111
2.4913172721862793
1.7806251049041748
4.258958339691162
2.5360984802246094
1.786088228225708
2.0288233757019043
2.4968531131744385
2.2861311435699463
1.660679817199707
2.737030029296875
1.3332035541534424
2.564174175262451
2.39359712600708
2.1701719760894775
2.3528785705566406
2.999277114868164
2.8547794818878174
2.6453146934509277
2.240900754928589
3.2247986793518066
3.927631139755249
2.303813934326172
3.015591621398926
2.340165138244629
3.2789125442504883
1.7638750076293945
2.738523006439209
2.0090062618255615
2.8810739517211914
2.544450283050537
3.157866954803467
2.139160633087158
2.148016929626465
2.6343600749969482
3.3604421615600586
3.075397491455078
3.4805963039398193
3.0977375507354736
2.993082046508789
3.301583766937256
2.511343002319336
2.4000802040100098
2.6661970615386963
2.826533794403076
3.907381296157837
4.219485282897949
2.7443628311157227
2.816535711288452
3.7106077671051025
2.5810599327087402
2.731370449066162
2.2475826740264893
2.859832286834717
2.3514201641082764
3.4175305366516113
3.0960559844970703
3.132774591445923
2.738729953765869
6.702619552612305
3.1350584030151367
2.3958001136779785
2.9884860515594482
3.03302001953125
2.2658703327178955
1.6123844385147095
3.0379478931427
3.3575258255004883
2.8636319637298584
2.6595044136047363
3.774390935897827
1.4736815690994263
2.723938465118408
3.1511948108673096
2.828643321990967
2.6978578567504883
2.1103572845458984
2.0134315490722656
2.4032909870147705
2.855888605117798
4.159013748168945
2.6801164150238037
4.21551513671875
2.8468081951141357
3.5593466758728027
3.153012275695801
3.836153030395508
2.9297432899475098
3.3056769371032715
3.0966811180114746
3.5183157920837402
3.2133424282073975
3.4968791007995605
3.7739901542663574
3.733872890472412
3.470315933227539
2.650059700012207
2.849247932434082
3.53192138671875
3.417320966720581
3.3703765869140625
4.812929153442383
3.483203887939453
3.3795628547668457
3.992199182510376
4.162720680236816
4.44640588760376
3.9823803901672363
3.874255418777466
4.681520462036133
3.2376294136047363
3.6909494400024414
2.90645432472229
2.524893283843994
4.978180885314941
3.7426321506500244
2.566647529602051
3.7121517658233643
3.9594366550445557
3.767853021621704
3.274674654006958
2.6256351470947266
2.5243043899536133
3.65116810798645
4.113035678863525
3.1794261932373047
2.781710147857666
3.8271658420562744
2.8360252380371094
2.316789388656616
7.2342658042907715
3.077763080596924
2.519698143005371
4.301984786987305
2.625471591949463
3.2210898399353027
2.7069613933563232
3.8414182662963867
2.3784019947052
2.2649950981140137
3.926790714263916
3.0713984966278076
2.1858620643615723
3.73747181892395
2.3605904579162598
1.6910678148269653
5.528990268707275
2.9900999069213867
3.074942111968994
1.9261802434921265
2.8243343830108643
6.704522132873535
2.9877238273620605
3.732419967651367
3.568582534790039
3.210249423980713
3.743215560913086
3.0310251712799072
4.0865583419799805
2.669825553894043
3.090773582458496
3.6779255867004395
3.208512544631958
2.73293399810791
4.174072265625
3.384188413619995
3.5510270595550537
3.6403696537017822
3.6967480182647705
2.9865899085998535
2.641850709915161
2.6367244720458984
3.916212320327759
2.8116209506988525
2.496358633041382
3.2231287956237793
4.562570095062256
3.7781741619110107
2.5385029315948486
2.180055856704712
3.114710807800293
4.010376930236816
3.5089287757873535
3.3433380126953125
2.9348390102386475
3.4297218322753906
3.67143177986145
2.765718460083008
4.320961952209473
4.182063579559326
3.667448043823242
2.4047603607177734
4.328832626342773
3.2823679447174072
4.426680088043213
3.9103801250457764
1.761174201965332
3.726252794265747
2.9491684436798096
3.3163864612579346
2.7765297889709473
4.119481086730957
2.7025837898254395
4.211930274963379
2.7084298133850098
3.2883076667785645
3.17573881149292
2.8888611793518066
5.023221492767334
3.6922218799591064
1.655961513519287
1.460517406463623
2.252875566482544
2.19541335105896
2.2195682525634766
1.6549772024154663
1.9313697814941406
1.6117784976959229
2.001878499984741
1.68666410446167
2.058366060256958
2.4212241172790527
2.8665730953216553
2.6834659576416016
2.0787315368652344
2.9732868671417236
2.5567917823791504
3.7731525897979736
3.8478145599365234
2.620753288269043
8.667853355407715
2.961925745010376
3.462968349456787
3.2605323791503906
2.4459047317504883
3.796038866043091
3.2404725551605225
3.765880584716797
2.4960215091705322
3.9079384803771973
2.6726315021514893
3.602358818054199
3.549471855163574
2.9938714504241943
4.015764236450195
3.84596848487854
4.044888496398926
3.9425132274627686
3.1561765670776367
3.2298691272735596
3.8520843982696533
3.880962371826172
3.4386186599731445
3.312558650970459
3.2563023567199707
3.8030245304107666
3.8657264709472656
4.504636764526367
4.087827205657959
4.129714012145996
2.9275131225585938
2.662625789642334
3.2443323135375977
2.8584465980529785
4.2894816398620605
3.4880423545837402
2.2399702072143555
2.604984760284424
3.195101737976074
3.22778582572937
3.4457509517669678
3.9185023307800293
3.3269686698913574
3.399637222290039
2.819629669189453
3.1528027057647705
3.153099775314331
2.0995945930480957
2.8947505950927734
2.1047143936157227
2.17220139503479
1.8363919258117676
3.011190891265869
2.699934482574463
2.0488109588623047
3.7247774600982666
2.3294944763183594
2.5152535438537598
2.764909267425537
2.9873266220092773
2.417250394821167
2.229238986968994
1.4277095794677734
1.722805380821228
2.2857048511505127
2.5816831588745117
2.48398494720459
2.613262414932251
2.685263156890869
2.4540762901306152
3.388648748397827
1.7109932899475098
2.68173885345459
3.3093786239624023
2.734370470046997
1.5996583700180054
2.256568670272827
1.3743226528167725
1.3527486324310303
2.546137809753418
2.451902389526367
1.9487226009368896
2.5370032787323
3.2732276916503906
3.1406502723693848
2.945437431335449
3.3582241535186768
2.4207630157470703
2.8395800590515137
1.7927676439285278
2.3620445728302
2.708014965057373
2.1171247959136963
3.350506544113159
2.8622922897338867
3.493968963623047
2.9386649131774902
2.852051258087158
2.277777671813965
6.4372758865356445
3.039257526397705
3.119313955307007
3.3819098472595215
4.811008453369141
3.319244623184204
2.8398001194000244
2.8800582885742188
2.2168474197387695
2.7338626384735107
3.307270050048828
2.3300962448120117
2.4170756340026855
2.630072832107544
2.262105941772461
3.021350622177124
1.6461045742034912
3.177058219909668
3.4558959007263184
3.1962127685546875
3.637669086456299
2.5461525917053223
2.6217451095581055
3.031785488128662
2.0063724517822266
3.1438980102539062
3.2028250694274902
2.7168242931365967
2.3726420402526855
3.9278361797332764
3.556610107421875
4.358824729919434
4.538928985595703
3.4514966011047363
3.261934280395508
4.12984037399292
3.187530755996704
4.2251129150390625
3.304696798324585
3.1017327308654785
4.131227493286133
3.0885398387908936
3.72353196144104
3.482114315032959
3.5306453704833984
3.6153087615966797
3.5220069885253906
2.7931807041168213
2.4053244590759277
3.3078277111053467
3.054417133331299
3.7181384563446045
4.681921005249023
2.8306641578674316
3.9427688121795654
2.6087148189544678
2.8529937267303467
2.7542381286621094
2.653911590576172
2.6555352210998535
3.1740610599517822
2.7536253929138184
3.220205783843994
3.033297300338745
2.000282049179077
3.524138927459717
2.8398334980010986
1.4657164812088013
2.6892755031585693
1.774682641029358
1.9012128114700317
2.815459728240967
3.1879963874816895
3.4178149700164795
2.1491594314575195
2.1371982097625732
4.594993591308594
3.823275089263916
3.163276433944702
2.9219415187835693
2.8665883541107178
2.0239579677581787
2.97589111328125
2.8932952880859375
1.8521616458892822
2.3440771102905273
2.6591782569885254
2.4011809825897217
2.1312255859375
2.5921900272369385
1.9061435461044312
3.3265557289123535
2.254115104675293
2.142361879348755
3.7883269786834717
3.068403482437134
2.2494957447052
3.486448049545288
5.661057949066162
3.5535106658935547
3.0598769187927246
3.3229849338531494
2.689821720123291
3.0261733531951904
1.8244231939315796
2.600912570953369
3.604234457015991
3.109435796737671
2.7727718353271484
4.594683647155762
2.5335521697998047
2.8942599296569824
3.829458236694336
4.263017654418945
3.4663145542144775
3.0544681549072266
3.8373336791992188
3.0781936645507812
3.5048582553863525
3.5372214317321777
3.7911126613616943
8.928133010864258
4.400659084320068
5.864139556884766
2.5073952674865723
5.980615139007568
3.95672607421875
3.5347466468811035
2.4764223098754883
3.86139178276062
3.3471484184265137
2.290111780166626
3.2919182777404785
2.378952980041504
2.9752087593078613
2.7957398891448975
2.230259895324707
3.388927698135376
2.559903144836426
2.8964505195617676
3.4279935359954834
2.5103440284729004
3.464768648147583
2.4353091716766357
3.281102180480957
3.197321891784668
3.4983348846435547
2.611457347869873
2.6969704627990723
2.154484510421753
2.122056484222412
1.9525595903396606
2.9310920238494873
2.3771347999572754
2.697953462600708
3.8357865810394287
3.213873863220215
3.206082582473755
3.3413822650909424
4.291966438293457
3.3374857902526855
3.026886224746704
1.8995380401611328
4.216522216796875
7.519680976867676
1.817806601524353
1.3412495851516724
1.9475574493408203
1.9392129182815552
2.0879287719726562
2.5142745971679688
1.8574411869049072
1.5800964832305908
1.949394941329956
2.2506613731384277
2.8309130668640137
2.1852962970733643
1.3844646215438843
1.653236985206604
2.3439934253692627
1.9244952201843262
1.9276283979415894
2.497513771057129
2.334129810333252
2.138899087905884
2.275580883026123
2.4327807426452637
2.6411898136138916
2.5389418601989746
2.008122444152832
3.0282227993011475
2.8393921852111816
2.999218225479126
3.374821424484253
2.737508773803711
2.0355420112609863
2.196965217590332
3.256906032562256
2.683460235595703
4.114320755004883
3.00062894821167
2.968836784362793
3.527928590774536
3.4485602378845215
2.660379409790039
2.9282054901123047
3.5328893661499023
3.9364962577819824
3.908510446548462
3.3432371616363525
3.1198813915252686
2.6263644695281982
3.0803279876708984
2.719606399536133
2.8039660453796387
3.027235746383667
2.804389476776123
3.226201057434082
2.687156915664673
3.3332600593566895
3.913510799407959
3.1996500492095947
3.756248712539673
2.7298803329467773
3.8428430557250977
2.6896378993988037
2.8607709407806396
3.8712146282196045
2.8560261726379395
2.864180564880371
3.6116130352020264
3.257504940032959
3.3956730365753174
3.8169586658477783
4.181723594665527
3.5655953884124756
2.678410768508911
3.6402716636657715
3.6530280113220215
3.2733187675476074
3.608438014984131
6.034759998321533
3.7413196563720703
4.860856533050537
3.6225662231445312
4.135242462158203
2.8808083534240723
4.0683722496032715
3.296705722808838
2.9259581565856934
3.0618841648101807
2.193178653717041
3.1004905700683594
3.647495746612549
2.9488930702209473
2.605844259262085
1.7646400928497314
3.210346221923828
2.4333224296569824
4.139126777648926
2.692101240158081
3.1328845024108887
2.490548610687256
2.4158143997192383
2.023585319519043
3.3354063034057617
2.7585177421569824
2.3067400455474854
2.853729724884033
2.687260150909424
3.1389853954315186
1.8870643377304077
2.9749467372894287
13.972047805786133
3.017521619796753
2.741586208343506
2.168179512023926
2.9573018550872803
2.489549160003662
2.5331673622131348
2.408323049545288
3.0512757301330566
2.7293190956115723
3.4134442806243896
2.9476571083068848
6.746981143951416
2.473989486694336
3.3968963623046875
1.984689712524414
3.140839099884033
3.424062728881836
3.4459667205810547
2.6518850326538086
3.491818904876709
2.682033061981201
2.5250887870788574
3.0957159996032715
3.087446451187134
3.2935140132904053
2.1580004692077637
3.7152838706970215
3.0544583797454834
3.1817784309387207
3.540768623352051
2.831839084625244
2.478630781173706
2.4941906929016113
2.7066400051116943
1.9994001388549805
3.0113658905029297
2.3813953399658203
2.4195380210876465
2.6441380977630615
2.664466142654419
2.943789482116699
2.1885266304016113
2.0116002559661865
2.6229214668273926
3.5236244201660156
2.850261926651001
2.220001697540283
1.6854724884033203
2.7158007621765137
2.2932639122009277
1.681056022644043
2.144082546234131
3.116832971572876
2.3369860649108887
2.8681912422180176
1.8650667667388916
1.601218581199646
1.5401133298873901
1.726215124130249
2.817963123321533
2.3087873458862305
4.706826210021973
4.42538595199585
3.9901862144470215
3.217207670211792
2.936389207839966
2.16104793548584
2.813180923461914
2.0450661182403564
2.144517183303833
2.4320499897003174
1.3829197883605957
5.681656360626221
1.800497055053711
2.0544023513793945
2.400002956390381
2.50620698928833
2.697866439819336
1.7957816123962402
2.157870292663574
2.6028642654418945
1.2287495136260986
3.34747576713562
2.6707675457000732
2.152759552001953
2.861243724822998
2.6586837768554688
3.4542527198791504
2.512986421585083
3.4072394371032715
2.6511244773864746
2.7381577491760254
3.6398582458496094
2.5376341342926025
2.756852626800537
3.2411279678344727
3.4854092597961426
2.3013248443603516
3.422084331512451
2.5013442039489746
4.295808792114258
2.3186795711517334
1.895102620124817
3.196441888809204
2.9751856327056885
3.6347408294677734
2.436366081237793
3.309548854827881
2.1150927543640137
2.716696262359619
2.981869697570801
3.1024489402770996
3.127744674682617
2.9352595806121826
2.691215753555298
3.225517749786377
3.0780770778656006
3.221108913421631
2.636495351791382
2.8668746948242188
3.0456314086914062
2.6520397663116455
2.363980770111084
3.3973820209503174
3.2526473999023438
3.3446664810180664
1.8910448551177979
2.624629497528076
1.793904423713684
2.0047950744628906
3.0723438262939453
3.488685131072998
2.6790452003479004
2.177985191345215
1.8986073732376099
2.870211362838745
2.4243857860565186
2.159989356994629
2.3204894065856934
2.9906394481658936
2.1695024967193604
2.244596481323242
2.470703601837158
2.7602498531341553
4.614631652832031
3.80757474899292
3.9392521381378174
1.8039605617523193
2.793879508972168
1.4287974834442139
1.732885718345642
2.352759599685669
2.236940622329712
2.484633207321167
2.301973581314087
2.6482789516448975
2.737440586090088
2.2338881492614746
4.446536064147949
2.2531700134277344
2.9358527660369873
3.679137706756592
2.810314416885376
2.3253068923950195
2.469053268432617
2.5844202041625977
2.3484857082366943
2.8731274604797363
3.179903507232666
2.6907496452331543
12.392387390136719
2.7413763999938965
2.374937057495117
3.3501739501953125
4.161250114440918
4.173591136932373
4.447890281677246
2.5270020961761475
3.234555244445801
3.0402650833129883
2.444916009902954
2.832674026489258
3.245269775390625
3.520439624786377
3.7929141521453857
2.2687623500823975
2.0994348526000977
2.535492420196533
2.055199146270752
4.612720489501953
3.511662483215332
3.632477283477783
1.3111495971679688
2.1089720726013184
3.8905270099639893
1.9510992765426636
3.1220974922180176
2.595442533493042
2.7370214462280273
2.0960946083068848
2.754171371459961
2.251347780227661
1.9941000938415527
1.4706077575683594
2.435382843017578
2.5037784576416016
3.095888376235962
1.376214861869812
1.8645880222320557
2.3969478607177734
2.1608283519744873
2.641345977783203
